0 0.898192 0.101138 0.000670455
0.1 0.896366 0.102285 0.00134853
0.2 0.894524 0.103442 0.00203428
0.3 0.892665 0.104607 0.00272777
0.4 0.890789 0.105782 0.00342906
0.5 0.888896 0.106966 0.00413821
0.6 0.886986 0.108159 0.00485529
0.7 0.885058 0.109361 0.00558035
0.8 0.883114 0.110572 0.00631346
0.9 0.881153 0.111793 0.00705467
1 0.879174 0.113022 0.00780405
1.1 0.877178 0.11426 0.00856166
1.2 0.875165 0.115508 0.00932754
1.3 0.873134 0.116764 0.0101018
1.4 0.871087 0.118029 0.0108844
1.5 0.869022 0.119303 0.0116755
1.6 0.86694 0.120585 0.0124751
1.7 0.86484 0.121876 0.0132833
1.8 0.862723 0.123176 0.0141002
1.9 0.86059 0.124485 0.0149257
2 0.858438 0.125802 0.01576
2.1 0.85627 0.127127 0.0166031
2.2 0.854084 0.128461 0.017455
2.3 0.851881 0.129803 0.0183159
2.4 0.849661 0.131153 0.0191858
2.5 0.847424 0.132512 0.0200646
2.6 0.845169 0.133878 0.0209526
2.7 0.842898 0.135253 0.0218497
2.8 0.840609 0.136635 0.022756
2.9 0.838304 0.138025 0.0236715
3 0.835981 0.139423 0.0245963
3.1 0.833641 0.140828 0.0255305
3.2 0.831285 0.142241 0.0264741
3.3 0.828912 0.143661 0.0274271
3.4 0.826522 0.145089 0.0283896
3.5 0.824115 0.146523 0.0293616
3.6 0.821692 0.147965 0.0303432
3.7 0.819252 0.149414 0.0313345
3.8 0.816795 0.150869 0.0323354
3.9 0.814323 0.152331 0.0333461
4 0.811833 0.1538 0.0343665
4.1 0.809328 0.155275 0.0353968
4.2 0.806807 0.156756 0.0364369
4.3 0.804269 0.158244 0.0374869
4.4 0.801716 0.159737 0.0385468
4.5 0.799147 0.161237 0.0396167
4.6 0.796562 0.162741 0.0406966
4.7 0.793961 0.164252 0.0417866
4.8 0.791346 0.165768 0.0428867
4.9 0.788714 0.167289 0.0439969
5 0.786068 0.168815 0.0451172
5.1 0.783406 0.170346 0.0462477
5.2 0.78073 0.171882 0.0473885
5.3 0.778039 0.173422 0.0485395
5.4 0.775333 0.174966 0.0497008
5.5 0.772612 0.176515 0.0508724
5.6 0.769878 0.178068 0.0520543
5.7 0.767129 0.179624 0.0532466
5.8 0.764366 0.181185 0.0544493
5.9 0.761589 0.182748 0.0556624
6 0.758799 0.184315 0.056886
6.1 0.755995 0.185885 0.05812
6.2 0.753178 0.187458 0.0593645
6.3 0.750348 0.189033 0.0606194
6.4 0.747504 0.190611 0.0618849
6.5 0.744648 0.192191 0.0631609
6.6 0.74178 0.193773 0.0644475
6.7 0.738899 0.195357 0.0657446
6.8 0.736006 0.196942 0.0670522
6.9 0.733101 0.198529 0.0683704
7 0.730184 0.200116 0.0696993
7.1 0.727256 0.201705 0.0710387
7.2 0.724317 0.203295 0.0723887
7.3 0.721366 0.204884 0.0737493
7.4 0.718405 0.206475 0.0751205
7.5 0.715433 0.208065 0.0765023
7.6 0.712451 0.209655 0.0778947
7.7 0.709458 0.211244 0.0792977
7.8 0.706456 0.212833 0.0807112
7.9 0.703444 0.21442 0.0821354
8 0.700423 0.216007 0.0835702
8.1 0.697392 0.217592 0.0850155
8.2 0.694353 0.219176 0.0864714
8.3 0.691305 0.220757 0.0879378
8.4 0.688249 0.222336 0.0894148
8.5 0.685184 0.223913 0.0909023
8.6 0.682112 0.225488 0.0924003
8.7 0.679032 0.227059 0.0939088
8.8 0.675945 0.228627 0.0954278
8.9 0.672851 0.230192 0.0969572
9 0.669749 0.231754 0.098497
9.1 0.666642 0.233311 0.100047
9.2 0.663528 0.234864 0.101608
9.3 0.660408 0.236413 0.103179
9.4 0.657283 0.237957 0.10476
9.5 0.654152 0.239496 0.106351
9.6 0.651017 0.24103 0.107953
9.7 0.647876 0.242559 0.109565
9.8 0.644731 0.244082 0.111187
9.9 0.641581 0.245599 0.11282
10 0.638428 0.24711 0.114462
10.1 0.635271 0.248615 0.116114
10.2 0.632111 0.250113 0.117777
10.3 0.628947 0.251604 0.119449
10.4 0.625781 0.253088 0.121132
10.5 0.622612 0.254564 0.122824
10.6 0.619441 0.256033 0.124526
10.7 0.616268 0.257494 0.126237
10.8 0.613094 0.258947 0.127959
10.9 0.609918 0.260392 0.12969
11 0.606741 0.261828 0.131431
11.1 0.603564 0.263255 0.133181
11.2 0.600386 0.264674 0.134941
11.3 0.597207 0.266082 0.13671
11.4 0.594029 0.267482 0.138489
11.5 0.590852 0.268872 0.140276
11.6 0.587675 0.270251 0.142074
11.7 0.584499 0.271621 0.14388
11.8 0.581325 0.27298 0.145695
11.9 0.578152 0.274329 0.14752
12 0.574981 0.275667 0.149353
12.1 0.571812 0.276993 0.151195
12.2 0.568645 0.278309 0.153046
12.3 0.565481 0.279613 0.154906
12.4 0.562321 0.280905 0.156774
12.5 0.559163 0.282186 0.158651
12.6 0.556009 0.283454 0.160537
12.7 0.552859 0.28471 0.162431
12.8 0.549713 0.285954 0.164333
12.9 0.546571 0.287185 0.166243
13 0.543434 0.288404 0.168162
13.1 0.540302 0.289609 0.170089
13.2 0.537176 0.290801 0.172023
13.3 0.534054 0.29198 0.173966
13.4 0.530938 0.293145 0.175916
13.5 0.527828 0.294297 0.177874
13.6 0.524725 0.295435 0.17984
13.7 0.521628 0.296559 0.181814
13.8 0.518537 0.297668 0.183794
13.9 0.515454 0.298764 0.185782
14 0.512377 0.299845 0.187778
14.1 0.509308 0.300911 0.18978
14.2 0.506247 0.301963 0.19179
14.3 0.503194 0.303 0.193806
14.4 0.500148 0.304022 0.19583
14.5 0.497112 0.305028 0.19786
14.6 0.494083 0.30602 0.199897
14.7 0.491064 0.306996 0.20194
14.8 0.488053 0.307957 0.20399
14.9 0.485052 0.308902 0.206046
15 0.48206 0.309831 0.208109
15.1 0.479078 0.310745 0.210177
15.2 0.476105 0.311643 0.212252
15.3 0.473143 0.312525 0.214333
15.4 0.47019 0.313391 0.216419
15.5 0.467249 0.31424 0.218511
15.6 0.464317 0.315074 0.220609
15.7 0.461397 0.315891 0.222712
15.8 0.458487 0.316692 0.224821
15.9 0.455589 0.317476 0.226935
16 0.452702 0.318244 0.229054
16.1 0.449826 0.318996 0.231178
16.2 0.446962 0.319731 0.233307
16.3 0.44411 0.320449 0.235441
16.4 0.44127 0.321151 0.23758
16.5 0.438441 0.321836 0.239723
16.6 0.435625 0.322504 0.241871
16.7 0.432822 0.323155 0.244023
16.8 0.430031 0.32379 0.246179
16.9 0.427252 0.324408 0.24834
17 0.424487 0.325009 0.250505
17.1 0.421734 0.325593 0.252673
17.2 0.418994 0.32616 0.254846
17.3 0.416268 0.32671 0.257022
17.4 0.413554 0.327244 0.259202
17.5 0.410854 0.32776 0.261385
17.6 0.408168 0.32826 0.263572
17.7 0.405495 0.328743 0.265762
17.8 0.402836 0.329209 0.267955
17.9 0.40019 0.329658 0.270152
18 0.397559 0.330091 0.272351
18.1 0.394941 0.330506 0.274553
18.2 0.392337 0.330905 0.276757
18.3 0.389748 0.331287 0.278965
18.4 0.387173 0.331653 0.281175
18.5 0.384612 0.332001 0.283387
18.6 0.382065 0.332334 0.285601
18.7 0.379533 0.332649 0.287818
18.8 0.377015 0.332948 0.290037
18.9 0.374512 0.333231 0.292257
19 0.372023 0.333497 0.29448
19.1 0.369549 0.333747 0.296704
19.2 0.36709 0.333981 0.298929
19.3 0.364645 0.334198 0.301157
19.4 0.362215 0.334399 0.303385
19.5 0.3598 0.334585 0.305615
19.6 0.3574 0.334754 0.307847
19.7 0.355014 0.334907 0.310079
19.8 0.352644 0.335044 0.312312
19.9 0.350288 0.335166 0.314546
20 0.347948 0.335271 0.316781
20.1 0.345622 0.335362 0.319016
20.2 0.343311 0.335436 0.321252
20.3 0.341016 0.335496 0.323489
20.4 0.338735 0.335539 0.325725
20.5 0.336469 0.335568 0.327962
20.6 0.334219 0.335582 0.3302
20.7 0.331983 0.33558 0.332437
20.8 0.329763 0.335563 0.334674
20.9 0.327557 0.335532 0.336911
21 0.325366 0.335486 0.339148
21.1 0.323191 0.335425 0.341384
21.2 0.32103 0.33535 0.34362
21.3 0.318884 0.33526 0.345855
21.4 0.316754 0.335156 0.34809
21.5 0.314638 0.335038 0.350324
21.6 0.312537 0.334906 0.352557
21.7 0.310451 0.334759 0.35479
21.8 0.30838 0.334599 0.357021
21.9 0.306324 0.334426 0.359251
22 0.304282 0.334238 0.36148
22.1 0.302256 0.334037 0.363707
22.2 0.300244 0.333823 0.365933
22.3 0.298246 0.333595 0.368158
22.4 0.296264 0.333355 0.370381
22.5 0.294296 0.333101 0.372603
22.6 0.292343 0.332835 0.374823
22.7 0.290404 0.332555 0.377041
22.8 0.28848 0.332264 0.379257
22.9 0.28657 0.331959 0.381471
23 0.284674 0.331643 0.383683
23.1 0.282793 0.331314 0.385893
23.2 0.280927 0.330973 0.3881
23.3 0.279074 0.33062 0.390306
23.4 0.277236 0.330255 0.392509
23.5 0.275412 0.329879 0.394709
23.6 0.273602 0.329491 0.396907
23.7 0.271806 0.329092 0.399102
23.8 0.270024 0.328681 0.401295
23.9 0.268256 0.32826 0.403485
24 0.266502 0.327827 0.405672
24.1 0.264761 0.327383 0.407856
24.2 0.263034 0.326929 0.410037
24.3 0.261321 0.326464 0.412215
24.4 0.259622 0.325989 0.41439
24.5 0.257936 0.325503 0.416561
24.6 0.256263 0.325007 0.41873
24.7 0.254604 0.324501 0.420895
24.8 0.252959 0.323985 0.423056
24.9 0.251326 0.323459 0.425214
25 0.249707 0.322924 0.427369
25.1 0.248101 0.322379 0.42952
25.2 0.246508 0.321825 0.431667
25.3 0.244927 0.321262 0.433811
25.4 0.24336 0.320689 0.435951
25.5 0.241806 0.320108 0.438087
25.6 0.240264 0.319517 0.440219
25.7 0.238735 0.318918 0.442347
25.8 0.237218 0.31831 0.444471
25.9 0.235715 0.317694 0.446591
26 0.234223 0.31707 0.448707
26.1 0.232744 0.316437 0.450819
26.2 0.231277 0.315797 0.452926
26.3 0.229822 0.315148 0.455029
26.4 0.22838 0.314492 0.457128
26.5 0.226949 0.313828 0.459223
26.6 0.225531 0.313157 0.461312
26.7 0.224124 0.312478 0.463398
26.8 0.22273 0.311792 0.465479
26.9 0.221347 0.311098 0.467555
27 0.219975 0.310398 0.469627
27.1 0.218615 0.309691 0.471694
27.2 0.217267 0.308977 0.473756
27.3 0.21593 0.308257 0.475813
27.4 0.214604 0.307529 0.477866
27.5 0.21329 0.306796 0.479914
27.6 0.211987 0.306056 0.481957
27.7 0.210695 0.305311 0.483995
27.8 0.209414 0.304559 0.486027
27.9 0.208144 0.303801 0.488055
28 0.206884 0.303037 0.490078
28.1 0.205636 0.302268 0.492096
28.2 0.204398 0.301494 0.494108
28.3 0.203171 0.300713 0.496116
28.4 0.201954 0.299928 0.498118
28.5 0.200748 0.299137 0.500115
28.6 0.199552 0.298341 0.502106
28.7 0.198367 0.297541 0.504093
28.8 0.197191 0.296735 0.506074
28.9 0.196026 0.295925 0.508049
29 0.194871 0.29511 0.510019
29.1 0.193726 0.29429 0.511984
29.2 0.19259 0.293467 0.513943
29.3 0.191465 0.292638 0.515897
29.4 0.190349 0.291806 0.517845
29.5 0.189243 0.290969 0.519787
29.6 0.188147 0.290129 0.521724
29.7 0.18706 0.289285 0.523656
29.8 0.185982 0.288436 0.525582
29.9 0.184914 0.287585 0.527502
30 0.183855 0.286729 0.529416
30.1 0.182805 0.28587 0.531325
30.2 0.181764 0.285008 0.533228
30.3 0.180733 0.284142 0.535125
30.4 0.17971 0.283273 0.537016
30.5 0.178697 0.282402 0.538902
30.6 0.177692 0.281527 0.540782
30.7 0.176696 0.280649 0.542655
30.8 0.175708 0.279768 0.544524
30.9 0.174729 0.278885 0.546386
31 0.173759 0.277999 0.548242
31.1 0.172797 0.277111 0.550092
31.2 0.171844 0.27622 0.551937
31.3 0.170898 0.275326 0.553775
31.4 0.169961 0.274431 0.555608
31.5 0.169033 0.273533 0.557434
31.6 0.168112 0.272633 0.559255
31.7 0.167199 0.271731 0.561069
31.8 0.166295 0.270827 0.562878
31.9 0.165398 0.269922 0.56468
32 0.164509 0.269014 0.566477
32.1 0.163628 0.268105 0.568267
32.2 0.162754 0.267194 0.570052
32.3 0.161888 0.266282 0.57183
32.4 0.16103 0.265368 0.573602
32.5 0.160179 0.264453 0.575368
32.6 0.159335 0.263537 0.577128
32.7 0.158499 0.262619 0.578882
32.8 0.15767 0.2617 0.58063
32.9 0.156849 0.26078 0.582371
33 0.156034 0.259859 0.584107
33.1 0.155227 0.258937 0.585836
33.2 0.154426 0.258014 0.587559
33.3 0.153633 0.257091 0.589276
33.4 0.152846 0.256166 0.590987
33.5 0.152067 0.255241 0.592692
33.6 0.151294 0.254316 0.59439
33.7 0.150528 0.25339 0.596083
33.8 0.149768 0.252463 0.597769
33.9 0.149015 0.251536 0.599449
34 0.148269 0.250609 0.601123
34.1 0.147529 0.249681 0.60279
34.2 0.146795 0.248753 0.604452
34.3 0.146068 0.247825 0.606107
34.4 0.145347 0.246897 0.607756
34.5 0.144633 0.245968 0.609399
34.6 0.143924 0.24504 0.611036
34.7 0.143222 0.244112 0.612666
34.8 0.142526 0.243184 0.614291
34.9 0.141836 0.242256 0.615909
35 0.141151 0.241328 0.617521
35.1 0.140473 0.240401 0.619126
35.2 0.139801 0.239473 0.620726
35.3 0.139134 0.238547 0.622319
35.4 0.138473 0.23762 0.623907
35.5 0.137818 0.236695 0.625488
35.6 0.137168 0.235769 0.627062
35.7 0.136524 0.234845 0.628631
35.8 0.135886 0.233921 0.630194
35.9 0.135253 0.232997 0.63175
36 0.134625 0.232075 0.6333
36.1 0.134003 0.231153 0.634844
36.2 0.133386 0.230232 0.636382
36.3 0.132774 0.229311 0.637914
36.4 0.132168 0.228392 0.63944
36.5 0.131567 0.227474 0.640959
36.6 0.130971 0.226556 0.642473
36.7 0.13038 0.22564 0.64398
36.8 0.129794 0.224724 0.645481
36.9 0.129213 0.22381 0.646977
37 0.128637 0.222897 0.648466
37.1 0.128066 0.221985 0.649948
37.2 0.1275 0.221074 0.651425
37.3 0.126939 0.220165 0.652896
37.4 0.126382 0.219257 0.654361
37.5 0.125831 0.21835 0.65582
37.6 0.125283 0.217444 0.657272
37.7 0.124741 0.21654 0.658719
37.8 0.124203 0.215638 0.660159
37.9 0.12367 0.214736 0.661594
38 0.123141 0.213837 0.663023
38.1 0.122616 0.212939 0.664445
38.2 0.122096 0.212042 0.665862
38.3 0.121581 0.211147 0.667272
38.4 0.121069 0.210254 0.668677
38.5 0.120562 0.209362 0.670076
38.6 0.12006 0.208472 0.671469
38.7 0.119561 0.207583 0.672855
38.8 0.119067 0.206697 0.674236
38.9 0.118577 0.205812 0.675611
39 0.118091 0.204929 0.676981
39.1 0.117609 0.204047 0.678344
39.2 0.117131 0.203168 0.679701
39.3 0.116657 0.20229 0.681053
39.4 0.116187 0.201415 0.682398
39.5 0.115721 0.200541 0.683738
39.6 0.115259 0.199669 0.685072
39.7 0.1148 0.198799 0.6864
39.8 0.114346 0.197931 0.687723
39.9 0.113895 0.197066 0.68904
40 0.113448 0.196202 0.69035
40.1 0.113005 0.19534 0.691656
40.2 0.112565 0.19448 0.692955
40.3 0.112129 0.193622 0.694249
40.4 0.111696 0.192767 0.695537
40.5 0.111268 0.191914 0.696819
40.6 0.110842 0.191062 0.698095
40.7 0.11042 0.190213 0.699366
40.8 0.110002 0.189366 0.700632
40.9 0.109587 0.188521 0.701891
41 0.109176 0.187679 0.703145
41.1 0.108768 0.186839 0.704394
41.2 0.108363 0.186001 0.705636
41.3 0.107961 0.185165 0.706874
41.4 0.107563 0.184331 0.708105
41.5 0.107168 0.1835 0.709331
41.6 0.106777 0.182671 0.710552
41.7 0.106388 0.181845 0.711767
41.8 0.106003 0.181021 0.712977
41.9 0.105621 0.180199 0.714181
42 0.105241 0.179379 0.715379
42.1 0.104865 0.178562 0.716572
42.2 0.104492 0.177747 0.71776
42.3 0.104122 0.176935 0.718942
42.4 0.103755 0.176125 0.720119
42.5 0.103391 0.175318 0.721291
42.6 0.10303 0.174513 0.722457
42.7 0.102672 0.17371 0.723618
42.8 0.102317 0.17291 0.724773
42.9 0.101965 0.172112 0.725923
43 0.101615 0.171317 0.727068
43.1 0.101268 0.170524 0.728207
43.2 0.100924 0.169734 0.729341
43.3 0.100583 0.168947 0.73047
43.4 0.100245 0.168161 0.731594
43.5 0.0999087 0.167379 0.732713
43.6 0.0995756 0.166599 0.733826
43.7 0.0992452 0.165821 0.734934
43.8 0.0989173 0.165046 0.736037
43.9 0.0985921 0.164273 0.737134
44 0.0982695 0.163503 0.738227
44.1 0.0979494 0.162736 0.739315
44.2 0.0976319 0.161971 0.740397
44.3 0.0973169 0.161209 0.741474
44.4 0.0970043 0.160449 0.742546
44.5 0.0966943 0.159692 0.743614
44.6 0.0963867 0.158938 0.744676
44.7 0.0960815 0.158186 0.745733
44.8 0.0957787 0.157437 0.746785
44.9 0.0954783 0.15669 0.747832
45 0.0951803 0.155946 0.748874
45.1 0.0948846 0.155204 0.749911
45.2 0.0945912 0.154465 0.750943
45.3 0.0943001 0.153729 0.751971
45.4 0.0940114 0.152996 0.752993
45.5 0.0937248 0.152265 0.754011
45.6 0.0934405 0.151536 0.755023
45.7 0.0931584 0.15081 0.756031
45.8 0.0928785 0.150087 0.757034
45.9 0.0926008 0.149367 0.758032
46 0.0923253 0.148649 0.759026
46.1 0.0920518 0.147934 0.760014
46.2 0.0917806 0.147221 0.760998
46.3 0.0915114 0.146511 0.761977
46.4 0.0912442 0.145804 0.762952
46.5 0.0909792 0.1451 0.763921
46.6 0.0907162 0.144398 0.764886
46.7 0.0904552 0.143698 0.765847
46.8 0.0901963 0.143001 0.766802
46.9 0.0899393 0.142307 0.767753
47 0.0896843 0.141616 0.7687
47.1 0.0894313 0.140927 0.769642
47.2 0.0891802 0.140241 0.770579
47.3 0.088931 0.139558 0.771511
47.4 0.0886837 0.138877 0.77244
47.5 0.0884383 0.138199 0.773363
47.6 0.0881948 0.137523 0.774282
47.7 0.0879532 0.13685 0.775197
47.8 0.0877134 0.13618 0.776107
47.9 0.0874754 0.135512 0.777012
48 0.0872392 0.134847 0.777914
48.1 0.0870048 0.134185 0.77881
48.2 0.0867722 0.133525 0.779703
48.3 0.0865414 0.132868 0.780591
48.4 0.0863123 0.132213 0.781474
48.5 0.0860849 0.131561 0.782354
48.6 0.0858592 0.130912 0.783229
48.7 0.0856353 0.130266 0.784099
48.8 0.085413 0.129622 0.784965
48.9 0.0851924 0.12898 0.785827
49 0.0849735 0.128341 0.786685
49.1 0.0847562 0.127705 0.787539
49.2 0.0845405 0.127072 0.788388
49.3 0.0843265 0.126441 0.789233
49.4 0.084114 0.125812 0.790074
49.5 0.0839032 0.125186 0.79091
49.6 0.0836939 0.124563 0.791743
49.7 0.0834862 0.123943 0.792571
49.8 0.08328 0.123325 0.793396
49.9 0.0830753 0.122709 0.794216
50 0.0828722 0.122096 0.795032
50.1 0.0826706 0.121486 0.795844
50.2 0.0824705 0.120878 0.796651
50.3 0.0822718 0.120273 0.797455
50.4 0.0820747 0.11967 0.798255
50.5 0.081879 0.11907 0.799051
50.6 0.0816847 0.118473 0.799843
50.7 0.0814919 0.117878 0.800631
50.8 0.0813004 0.117285 0.801414
50.9 0.0811104 0.116695 0.802194
51 0.0809218 0.116108 0.80297
51.1 0.0807346 0.115523 0.803742
51.2 0.0805488 0.114941 0.804511
51.3 0.0803643 0.114361 0.805275
51.4 0.0801811 0.113783 0.806035
51.5 0.0799993 0.113209 0.806792
51.6 0.0798189 0.112636 0.807545
51.7 0.0796397 0.112066 0.808294
51.8 0.0794619 0.111499 0.809039
51.9 0.0792853 0.110934 0.809781
52 0.07911 0.110372 0.810518
52.1 0.0789361 0.109812 0.811252
52.2 0.0787633 0.109254 0.811982
52.3 0.0785918 0.108699 0.812709
52.4 0.0784216 0.108147 0.813432
52.5 0.0782526 0.107596 0.814151
52.6 0.0780848 0.107049 0.814866
52.7 0.0779182 0.106504 0.815578
52.8 0.0777529 0.105961 0.816286
52.9 0.0775887 0.10542 0.816991
53 0.0774257 0.104882 0.817692
53.1 0.0772639 0.104347 0.818389
53.2 0.0771032 0.103813 0.819083
53.3 0.0769437 0.103283 0.819774
53.4 0.0767853 0.102754 0.82046
53.5 0.0766281 0.102228 0.821144
53.6 0.076472 0.101705 0.821824
53.7 0.076317 0.101183 0.8225
53.8 0.0761631 0.100664 0.823173
53.9 0.0760103 0.100148 0.823842
54 0.0758586 0.0996335 0.824508
54.1 0.075708 0.0991216 0.82517
54.2 0.0755584 0.098612 0.82583
54.3 0.0754099 0.0981048 0.826485
54.4 0.0752625 0.0975999 0.827138
54.5 0.0751161 0.0970973 0.827787
54.6 0.0749707 0.096597 0.828432
54.7 0.0748264 0.096099 0.829075
54.8 0.0746831 0.0956033 0.829714
54.9 0.0745408 0.0951099 0.830349
55 0.0743995 0.0946187 0.830982
55.1 0.0742592 0.0941299 0.831611
55.2 0.0741199 0.0936433 0.832237
55.3 0.0739816 0.0931589 0.832859
55.4 0.0738442 0.0926768 0.833479
55.5 0.0737078 0.092197 0.834095
55.6 0.0735724 0.0917194 0.834708
55.7 0.0734379 0.091244 0.835318
55.8 0.0733044 0.0907708 0.835925
55.9 0.0731718 0.0902999 0.836528
56 0.0730401 0.0898311 0.837129
56.1 0.0729093 0.0893646 0.837726
56.2 0.0727795 0.0889002 0.83832
56.3 0.0726505 0.088438 0.838911
56.4 0.0725225 0.087978 0.8395
56.5 0.0723953 0.0875202 0.840085
56.6 0.072269 0.0870645 0.840666
56.7 0.0721436 0.086611 0.841245
56.8 0.0720191 0.0861597 0.841821
56.9 0.0718954 0.0857104 0.842394
57 0.0717726 0.0852633 0.842964
57.1 0.0716506 0.0848184 0.843531
57.2 0.0715295 0.0843755 0.844095
57.3 0.0714092 0.0839348 0.844656
57.4 0.0712897 0.0834961 0.845214
57.5 0.0711711 0.0830596 0.845769
57.6 0.0710533 0.0826251 0.846322
57.7 0.0709363 0.0821927 0.846871
57.8 0.0708201 0.0817624 0.847418
57.9 0.0707046 0.0813342 0.847961
58 0.07059 0.080908 0.848502
58.1 0.0704762 0.0804839 0.84904
58.2 0.0703631 0.0800618 0.849575
58.3 0.0702509 0.0796417 0.850107
58.4 0.0701393 0.0792237 0.850637
58.5 0.0700286 0.0788077 0.851164
58.6 0.0699186 0.0783937 0.851688
58.7 0.0698093 0.0779817 0.852209
58.8 0.0697008 0.0775716 0.852728
58.9 0.0695931 0.0771636 0.853243
59 0.069486 0.0767576 0.853756
59.1 0.0693797 0.0763535 0.854267
59.2 0.0692741 0.0759514 0.854774
59.3 0.0691693 0.0755513 0.855279
59.4 0.0690651 0.0751531 0.855782
59.5 0.0689616 0.0747569 0.856281
59.6 0.0688589 0.0743626 0.856779
59.7 0.0687568 0.0739702 0.857273
59.8 0.0686554 0.0735797 0.857765
59.9 0.0685547 0.0731912 0.858254
60 0.0684547 0.0728046 0.858741
60.1 0.0683554 0.0724198 0.859225
60.2 0.0682567 0.072037 0.859706
60.3 0.0681587 0.071656 0.860185
60.4 0.0680614 0.0712769 0.860662
60.5 0.0679647 0.0708997 0.861136
60.6 0.0678686 0.0705243 0.861607
60.7 0.0677732 0.0701508 0.862076
60.8 0.0676784 0.0697792 0.862542
60.9 0.0675843 0.0694093 0.863006
61 0.0674908 0.0690413 0.863468
61.1 0.0673979 0.0686752 0.863927
61.2 0.0673056 0.0683108 0.864384
61.3 0.067214 0.0679483 0.864838
61.4 0.067123 0.0675875 0.86529
61.5 0.0670325 0.0672286 0.865739
61.6 0.0669427 0.0668714 0.866186
61.7 0.0668535 0.066516 0.866631
61.8 0.0667648 0.0661624 0.867073
61.9 0.0666768 0.0658105 0.867513
62 0.0665893 0.0654604 0.86795
62.1 0.0665024 0.0651121 0.868386
62.2 0.0664161 0.0647655 0.868818
62.3 0.0663304 0.0644206 0.869249
62.4 0.0662452 0.0640774 0.869677
62.5 0.0661606 0.063736 0.870103
62.6 0.0660765 0.0633963 0.870527
62.7 0.065993 0.0630583 0.870949
62.8 0.06591 0.062722 0.871368
62.9 0.0658276 0.0623874 0.871785
63 0.0657458 0.0620544 0.8722
63.1 0.0656644 0.0617232 0.872612
63.2 0.0655836 0.0613936 0.873023
63.3 0.0655034 0.0610656 0.873431
63.4 0.0654236 0.0607393 0.873837
63.5 0.0653444 0.0604147 0.874241
63.6 0.0652657 0.0600917 0.874643
63.7 0.0651876 0.0597704 0.875042
63.8 0.0651099 0.0594506 0.875439
63.9 0.0650327 0.0591325 0.875835
64 0.0649561 0.058816 0.876228
64.1 0.0648799 0.0585011 0.876619
64.2 0.0648042 0.0581878 0.877008
64.3 0.0647291 0.0578761 0.877395
64.4 0.0646544 0.057566 0.87778
64.5 0.0645802 0.0572574 0.878162
64.6 0.0645065 0.0569505 0.878543
64.7 0.0644332 0.0566451 0.878922
64.8 0.0643605 0.0563412 0.879298
64.9 0.0642882 0.0560389 0.879673
65 0.0642164 0.0557381 0.880046
65.1 0.064145 0.0554389 0.880416
65.2 0.0640741 0.0551412 0.880785
65.3 0.0640037 0.054845 0.881151
65.4 0.0639337 0.0545503 0.881516
65.5 0.0638642 0.0542571 0.881879
65.6 0.0637951 0.0539655 0.882239
65.7 0.0637265 0.0536753 0.882598
65.8 0.0636583 0.0533866 0.882955
65.9 0.0635905 0.0530994 0.88331
66 0.0635232 0.0528137 0.883663
66.1 0.0634563 0.0525294 0.884014
66.2 0.0633899 0.0522466 0.884363
66.3 0.0633239 0.0519653 0.884711
66.4 0.0632583 0.0516854 0.885056
66.5 0.0631931 0.0514069 0.8854
66.6 0.0631283 0.0511299 0.885742
66.7 0.063064 0.0508543 0.886082
66.8 0.063 0.0505801 0.88642
66.9 0.0629365 0.0503074 0.886756
67 0.0628734 0.050036 0.887091
67.1 0.0628107 0.0497661 0.887423
67.2 0.0627484 0.0494975 0.887754
67.3 0.0626864 0.0492303 0.888083
67.4 0.0626249 0.0489645 0.888411
67.5 0.0625638 0.0487001 0.888736
67.6 0.062503 0.0484371 0.88906
67.7 0.0624427 0.0481754 0.889382
67.8 0.0623827 0.0479151 0.889702
67.9 0.0623231 0.0476561 0.890021
68 0.0622639 0.0473984 0.890338
68.1 0.0622051 0.0471421 0.890653
68.2 0.0621466 0.0468872 0.890966
68.3 0.0620885 0.0466335 0.891278
68.4 0.0620308 0.0463812 0.891588
68.5 0.0619734 0.0461302 0.891896
68.6 0.0619164 0.0458805 0.892203
68.7 0.0618598 0.0456321 0.892508
68.8 0.0618035 0.045385 0.892812
68.9 0.0617476 0.0451392 0.893113
69 0.061692 0.0448946 0.893413
69.1 0.0616368 0.0446513 0.893712
69.2 0.0615819 0.0444093 0.894009
69.3 0.0615274 0.0441686 0.894304
69.4 0.0614732 0.0439291 0.894598
69.5 0.0614194 0.0436909 0.89489
69.6 0.0613659 0.0434539 0.89518
69.7 0.0613127 0.0432182 0.895469
69.8 0.0612599 0.0429837 0.895756
69.9 0.0612074 0.0427504 0.896042
70 0.0611552 0.0425183 0.896326
70.1 0.0611034 0.0422875 0.896609
70.2 0.0610519 0.0420578 0.89689
70.3 0.0610007 0.0418294 0.89717
70.4 0.0609498 0.0416022 0.897448
70.5 0.0608993 0.0413761 0.897725
70.6 0.060849 0.0411513 0.898
70.7 0.0607991 0.0409276 0.898273
70.8 0.0607495 0.0407051 0.898545
70.9 0.0607002 0.0404838 0.898816
71 0.0606512 0.0402636 0.899085
71.1 0.0606025 0.0400446 0.899353
71.2 0.0605541 0.0398268 0.899619
71.3 0.060506 0.0396101 0.899884
71.4 0.0604582 0.0393945 0.900147
71.5 0.0604108 0.0391801 0.900409
71.6 0.0603636 0.0389668 0.90067
71.7 0.0603167 0.0387546 0.900929
71.8 0.0602701 0.0385435 0.901186
71.9 0.0602238 0.0383336 0.901443
72 0.0601777 0.0381248 0.901697
72.1 0.060132 0.037917 0.901951
72.2 0.0600865 0.0377104 0.902203
72.3 0.0600413 0.0375049 0.902454
72.4 0.0599964 0.0373004 0.902703
72.5 0.0599518 0.037097 0.902951
72.6 0.0599075 0.0368948 0.903198
72.7 0.0598634 0.0366935 0.903443
72.8 0.0598196 0.0364934 0.903687
72.9 0.0597761 0.0362943 0.90393
73 0.0597328 0.0360962 0.904171
73.1 0.0596899 0.0358992 0.904411
73.2 0.0596471 0.0357033 0.90465
73.3 0.0596047 0.0355084 0.904887
73.4 0.0595625 0.0353145 0.905123
73.5 0.0595205 0.0351216 0.905358
73.6 0.0594788 0.0349298 0.905591
73.7 0.0594374 0.034739 0.905824
73.8 0.0593963 0.0345492 0.906055
73.9 0.0593553 0.0343604 0.906284
74 0.0593147 0.0341727 0.906513
74.1 0.0592743 0.0339859 0.90674
74.2 0.0592341 0.0338001 0.906966
74.3 0.0591942 0.0336153 0.907191
74.4 0.0591545 0.0334315 0.907414
74.5 0.0591151 0.0332486 0.907636
74.6 0.0590759 0.0330668 0.907857
74.7 0.0590369 0.0328859 0.908077
74.8 0.0589982 0.032706 0.908296
74.9 0.0589597 0.032527 0.908513
75 0.0589215 0.032349 0.90873
75.1 0.0588835 0.0321719 0.908945
75.2 0.0588457 0.0319958 0.909158
75.3 0.0588082 0.0318206 0.909371
75.4 0.0587709 0.0316464 0.909583
75.5 0.0587338 0.0314731 0.909793
75.6 0.0586969 0.0313007 0.910002
75.7 0.0586603 0.0311292 0.91021
75.8 0.0586239 0.0309587 0.910417
75.9 0.0585877 0.030789 0.910623
76 0.0585517 0.0306203 0.910828
76.1 0.058516 0.0304525 0.911032
76.2 0.0584805 0.0302855 0.911234
76.3 0.0584451 0.0301195 0.911435
76.4 0.05841 0.0299544 0.911636
76.5 0.0583752 0.0297901 0.911835
76.6 0.0583405 0.0296267 0.912033
76.7 0.058306 0.0294642 0.91223
76.8 0.0582718 0.0293026 0.912426
76.9 0.0582377 0.0291418 0.91262
77 0.0582039 0.0289819 0.912814
77.1 0.0581703 0.0288228 0.913007
77.2 0.0581368 0.0286647 0.913199
77.3 0.0581036 0.0285073 0.913389
77.4 0.0580706 0.0283508 0.913579
77.5 0.0580377 0.0281952 0.913767
77.6 0.0580051 0.0280403 0.913955
77.7 0.0579727 0.0278863 0.914141
77.8 0.0579404 0.0277332 0.914326
77.9 0.0579084 0.0275808 0.914511
78 0.0578766 0.0274293 0.914694
78.1 0.0578449 0.0272786 0.914876
78.2 0.0578134 0.0271287 0.915058
78.3 0.0577822 0.0269796 0.915238
78.4 0.0577511 0.0268313 0.915418
78.5 0.0577202 0.0266839 0.915596
78.6 0.0576895 0.0265372 0.915773
78.7 0.0576589 0.0263913 0.91595
78.8 0.0576286 0.0262461 0.916125
78.9 0.0575984 0.0261018 0.9163
79 0.0575685 0.0259583 0.916473
79.1 0.0575387 0.0258155 0.916646
79.2 0.057509 0.0256735 0.916817
79.3 0.0574796 0.0255322 0.916988
79.4 0.0574503 0.0253917 0.917158
79.5 0.0574213 0.025252 0.917327
79.6 0.0573923 0.025113 0.917495
79.7 0.0573636 0.0249748 0.917662
79.8 0.057335 0.0248374 0.917828
79.9 0.0573066 0.0247006 0.917993
80 0.0572784 0.0245646 0.918157
80.1 0.0572504 0.0244294 0.91832
80.2 0.0572225 0.0242948 0.918483
80.3 0.0571948 0.024161 0.918644
80.4 0.0571672 0.024028 0.918805
80.5 0.0571398 0.0238956 0.918965
80.6 0.0571126 0.023764 0.919123
80.7 0.0570855 0.0236331 0.919281
80.8 0.0570586 0.0235028 0.919439
80.9 0.0570319 0.0233733 0.919595
81 0.0570053 0.0232445 0.91975
81.1 0.0569789 0.0231164 0.919905
81.2 0.0569526 0.022989 0.920058
81.3 0.0569265 0.0228622 0.920211
81.4 0.0569006 0.0227362 0.920363
81.5 0.0568748 0.0226108 0.920514
81.6 0.0568491 0.0224862 0.920665
81.7 0.0568236 0.0223622 0.920814
81.8 0.0567983 0.0222388 0.920963
81.9 0.0567731 0.0221162 0.921111
82 0.0567481 0.0219942 0.921258
82.1 0.0567232 0.0218728 0.921404
82.2 0.0566984 0.0217522 0.921549
82.3 0.0566738 0.0216321 0.921694
82.4 0.0566494 0.0215128 0.921838
82.5 0.0566251 0.021394 0.921981
82.6 0.0566009 0.021276 0.922123
82.7 0.0565769 0.0211585 0.922265
82.8 0.056553 0.0210417 0.922405
82.9 0.0565293 0.0209256 0.922545
83 0.0565057 0.02081 0.922684
83.1 0.0564823 0.0206951 0.922823
83.2 0.056459 0.0205809 0.92296
83.3 0.0564358 0.0204672 0.923097
83.4 0.0564128 0.0203542 0.923233
83.5 0.0563899 0.0202418 0.923368
83.6 0.0563671 0.0201299 0.923503
83.7 0.0563445 0.0200187 0.923637
83.8 0.056322 0.0199081 0.92377
83.9 0.0562996 0.0197981 0.923902
84 0.0562774 0.0196887 0.924034
84.1 0.0562553 0.0195799 0.924165
84.2 0.0562334 0.0194717 0.924295
84.3 0.0562115 0.0193641 0.924424
84.4 0.0561898 0.0192571 0.924553
84.5 0.0561682 0.0191506 0.924681
84.6 0.0561468 0.0190448 0.924808
84.7 0.0561255 0.0189395 0.924935
84.8 0.0561043 0.0188348 0.925061
84.9 0.0560832 0.0187306 0.925186
85 0.0560622 0.018627 0.925311
85.1 0.0560414 0.018524 0.925435
85.2 0.0560207 0.0184216 0.925558
85.3 0.0560001 0.0183197 0.92568
85.4 0.0559797 0.0182184 0.925802
85.5 0.0559593 0.0181176 0.925923
85.6 0.0559391 0.0180173 0.926044
85.7 0.055919 0.0179177 0.926163
85.8 0.0558991 0.0178185 0.926282
85.9 0.0558792 0.0177199 0.926401
86 0.0558594 0.0176219 0.926519
86.1 0.0558398 0.0175243 0.926636
86.2 0.0558203 0.0174273 0.926752
86.3 0.0558009 0.0173309 0.926868
86.4 0.0557816 0.0172349 0.926983
86.5 0.0557624 0.0171395 0.927098
86.6 0.0557434 0.0170446 0.927212
86.7 0.0557244 0.0169503 0.927325
86.8 0.0557056 0.0168564 0.927438
86.9 0.0556869 0.0167631 0.92755
87 0.0556683 0.0166702 0.927661
87.1 0.0556498 0.0165779 0.927772
87.2 0.0556314 0.0164861 0.927883
87.3 0.0556131 0.0163948 0.927992
87.4 0.0555949 0.016304 0.928101
87.5 0.0555768 0.0162137 0.92821
87.6 0.0555589 0.0161238 0.928317
87.7 0.055541 0.0160345 0.928424
87.8 0.0555232 0.0159457 0.928531
87.9 0.0555056 0.0158573 0.928637
88 0.055488 0.0157694 0.928743
88.1 0.0554706 0.0156821 0.928847
88.2 0.0554532 0.0155951 0.928952
88.3 0.055436 0.0155087 0.929055
88.4 0.0554188 0.0154228 0.929158
88.5 0.0554018 0.0153373 0.929261
88.6 0.0553848 0.0152522 0.929363
88.7 0.055368 0.0151677 0.929464
88.8 0.0553513 0.0150836 0.929565
88.9 0.0553346 0.015 0.929665
89 0.0553181 0.0149168 0.929765
89.1 0.0553016 0.0148341 0.929864
89.2 0.0552852 0.0147518 0.929963
89.3 0.055269 0.01467 0.930061
89.4 0.0552528 0.0145887 0.930159
89.5 0.0552367 0.0145077 0.930256
89.6 0.0552208 0.0144273 0.930352
89.7 0.0552049 0.0143472 0.930448
89.8 0.0551891 0.0142677 0.930543
89.9 0.0551734 0.0141885 0.930638
90 0.0551578 0.0141098 0.930732
90.1 0.0551422 0.0140315 0.930826
90.2 0.0551268 0.0139537 0.93092
90.3 0.0551115 0.0138762 0.931012
90.4 0.0550962 0.0137992 0.931105
90.5 0.0550811 0.0137226 0.931196
90.6 0.055066 0.0136465 0.931288
90.7 0.055051 0.0135708 0.931378
90.8 0.0550361 0.0134954 0.931468
90.9 0.0550213 0.0134205 0.931558
91 0.0550066 0.013346 0.931647
91.1 0.0549919 0.0132719 0.931736
91.2 0.0549774 0.0131983 0.931824
91.3 0.0549629 0.013125 0.931912
91.4 0.0549485 0.0130521 0.931999
91.5 0.0549342 0.0129796 0.932086
91.6 0.05492 0.0129076 0.932172
91.7 0.0549059 0.0128359 0.932258
91.8 0.0548918 0.0127646 0.932344
91.9 0.0548778 0.0126937 0.932428
92 0.0548639 0.0126232 0.932513
92.1 0.0548501 0.0125531 0.932597
92.2 0.0548364 0.0124834 0.93268
92.3 0.0548227 0.0124141 0.932763
92.4 0.0548092 0.0123451 0.932846
92.5 0.0547957 0.0122765 0.932928
92.6 0.0547823 0.0122083 0.933009
92.7 0.0547689 0.0121405 0.933091
92.8 0.0547557 0.012073 0.933171
92.9 0.0547425 0.012006 0.933252
93 0.0547294 0.0119393 0.933331
93.1 0.0547163 0.0118729 0.933411
93.2 0.0547034 0.0118069 0.93349
93.3 0.0546905 0.0117413 0.933568
93.4 0.0546777 0.0116761 0.933646
93.5 0.054665 0.0116112 0.933724
93.6 0.0546523 0.0115466 0.933801
93.7 0.0546397 0.0114825 0.933878
93.8 0.0546272 0.0114186 0.933954
93.9 0.0546148 0.0113552 0.93403
94 0.0546024 0.011292 0.934106
94.1 0.0545901 0.0112293 0.934181
94.2 0.0545779 0.0111668 0.934255
94.3 0.0545657 0.0111047 0.93433
94.4 0.0545537 0.011043 0.934403
94.5 0.0545416 0.0109816 0.934477
94.6 0.0545297 0.0109205 0.93455
94.7 0.0545178 0.0108598 0.934622
94.8 0.054506 0.0107994 0.934695
94.9 0.0544943 0.0107394 0.934766
95 0.0544826 0.0106796 0.934838
95.1 0.054471 0.0106202 0.934909
95.2 0.0544595 0.0105612 0.934979
95.3 0.054448 0.0105024 0.93505
95.4 0.0544366 0.010444 0.935119
95.5 0.0544253 0.0103859 0.935189
95.6 0.054414 0.0103282 0.935258
95.7 0.0544028 0.0102707 0.935327
95.8 0.0543916 0.0102136 0.935395
95.9 0.0543806 0.0101567 0.935463
96 0.0543695 0.0101002 0.93553
96.1 0.0543586 0.010044 0.935597
96.2 0.0543477 0.00998815 0.935664
96.3 0.0543369 0.00993257 0.935731
96.4 0.0543261 0.0098773 0.935797
96.5 0.0543154 0.00982233 0.935862
96.6 0.0543048 0.00976767 0.935928
96.7 0.0542942 0.00971332 0.935992
96.8 0.0542837 0.00965926 0.936057
96.9 0.0542732 0.0096055 0.936121
97 0.0542628 0.00955204 0.936185
97.1 0.0542525 0.00949887 0.936249
97.2 0.0542422 0.009446 0.936312
97.3 0.054232 0.00939342 0.936375
97.4 0.0542218 0.00934113 0.936437
97.5 0.0542117 0.00928913 0.936499
97.6 0.0542017 0.00923742 0.936561
97.7 0.0541917 0.00918599 0.936622
97.8 0.0541818 0.00913485 0.936683
97.9 0.0541719 0.00908399 0.936744
98 0.0541621 0.00903341 0.936804
98.1 0.0541523 0.00898311 0.936865
98.2 0.0541426 0.00893309 0.936924
98.3 0.054133 0.00888335 0.936984
98.4 0.0541234 0.00883388 0.937043
98.5 0.0541139 0.00878469 0.937101
98.6 0.0541044 0.00873577 0.93716
98.7 0.054095 0.00868712 0.937218
98.8 0.0540856 0.00863874 0.937276
98.9 0.0540763 0.00859063 0.937333
99 0.054067 0.00854278 0.93739
99.1 0.0540578 0.0084952 0.937447
99.2 0.0540486 0.00844788 0.937503
99.3 0.0540395 0.00840082 0.93756
99.4 0.0540305 0.00835403 0.937615
99.5 0.0540215 0.00830749 0.937671
99.6 0.0540125 0.00826121 0.937726
99.7 0.0540036 0.00821519 0.937781
99.8 0.0539948 0.00816942 0.937836
99.9 0.053986 0.00812391 0.93789
100 0.0539772 0.00807864 0.937944
100.1 0.0539685 0.00803363 0.937998
100.2 0.0539599 0.00798887 0.938051
100.3 0.0539513 0.00794436 0.938104
100.4 0.0539427 0.00790009 0.938157
100.5 0.0539343 0.00785607 0.93821
100.6 0.0539258 0.00781229 0.938262
100.7 0.0539174 0.00776875 0.938314
100.8 0.053909 0.00772546 0.938365
100.9 0.0539007 0.00768241 0.938417
101 0.0538925 0.00763959 0.938468
101.1 0.0538843 0.00759701 0.938519
101.2 0.0538761 0.00755467 0.938569
101.3 0.053868 0.00751257 0.938619
101.4 0.0538599 0.00747069 0.938669
101.5 0.0538519 0.00742905 0.938719
101.6 0.0538439 0.00738764 0.938768
101.7 0.053836 0.00734646 0.938818
101.8 0.0538281 0.00730551 0.938866
101.9 0.0538203 0.00726478 0.938915
102 0.0538125 0.00722428 0.938963
102.1 0.0538047 0.00718401 0.939011
102.2 0.053797 0.00714396 0.939059
102.3 0.0537893 0.00710413 0.939107
102.4 0.0537817 0.00706452 0.939154
102.5 0.0537741 0.00702513 0.939201
102.6 0.0537666 0.00698596 0.939247
102.7 0.0537591 0.00694701 0.939294
102.8 0.0537517 0.00690827 0.93934
102.9 0.0537443 0.00686975 0.939386
103 0.0537369 0.00683144 0.939432
103.1 0.0537296 0.00679335 0.939477
103.2 0.0537223 0.00675547 0.939522
103.3 0.0537151 0.00671779 0.939567
103.4 0.0537079 0.00668033 0.939612
103.5 0.0537007 0.00664307 0.939656
103.6 0.0536936 0.00660602 0.9397
103.7 0.0536865 0.00656918 0.939744
103.8 0.0536795 0.00653254 0.939788
103.9 0.0536725 0.00649611 0.939831
104 0.0536655 0.00645987 0.939875
104.1 0.0536586 0.00642384 0.939918
104.2 0.0536517 0.00638801 0.93996
104.3 0.0536449 0.00635238 0.940003
104.4 0.0536381 0.00631694 0.940045
104.5 0.0536314 0.0062817 0.940087
104.6 0.0536246 0.00624666 0.940129
104.7 0.053618 0.00621181 0.94017
104.8 0.0536113 0.00617716 0.940212
104.9 0.0536047 0.0061427 0.940253
105 0.0535981 0.00610843 0.940293
105.1 0.0535916 0.00607435 0.940334
105.2 0.0535851 0.00604046 0.940374
105.3 0.0535787 0.00600675 0.940415
105.4 0.0535723 0.00597324 0.940455
105.5 0.0535659 0.00593991 0.940494
105.6 0.0535595 0.00590677 0.940534
105.7 0.0535532 0.00587381 0.940573
105.8 0.0535469 0.00584103 0.940612
105.9 0.0535407 0.00580844 0.940651
106 0.0535345 0.00577603 0.940689
106.1 0.0535283 0.00574379 0.940728
106.2 0.0535222 0.00571174 0.940766
106.3 0.0535161 0.00567986 0.940804
106.4 0.05351 0.00564817 0.940842
106.5 0.053504 0.00561664 0.940879
106.6 0.053498 0.0055853 0.940917
106.7 0.0534921 0.00555413 0.940954
106.8 0.0534861 0.00552313 0.940991
106.9 0.0534802 0.0054923 0.941027
107 0.0534744 0.00546164 0.941064
107.1 0.0534686 0.00543116 0.9411
107.2 0.0534628 0.00540084 0.941136
107.3 0.053457 0.0053707 0.941172
107.4 0.0534513 0.00534072 0.941208
107.5 0.0534456 0.00531091 0.941243
107.6 0.0534399 0.00528126 0.941279
107.7 0.0534343 0.00525178 0.941314
107.8 0.0534287 0.00522246 0.941349
107.9 0.0534231 0.00519331 0.941384
108 0.0534176 0.00516431 0.941418
108.1 0.0534121 0.00513548 0.941452
108.2 0.0534066 0.00510681 0.941487
108.3 0.0534012 0.0050783 0.94152
108.4 0.0533958 0.00504995 0.941554
108.5 0.0533904 0.00502176 0.941588
108.6 0.0533851 0.00499372 0.941621
108.7 0.0533798 0.00496584 0.941654
108.8 0.0533745 0.00493811 0.941687
108.9 0.0533692 0.00491054 0.94172
109 0.053364 0.00488312 0.941753
109.1 0.0533588 0.00485585 0.941785
109.2 0.0533536 0.00482874 0.941818
109.3 0.0533485 0.00480177 0.94185
109.4 0.0533434 0.00477496 0.941882
109.5 0.0533383 0.0047483 0.941913
109.6 0.0533332 0.00472178 0.941945
109.7 0.0533282 0.00469541 0.941976
109.8 0.0533232 0.00466919 0.942008
109.9 0.0533183 0.00464311 0.942039
110 0.0533133 0.00461718 0.942069
110.1 0.0533084 0.0045914 0.9421
110.2 0.0533035 0.00456576 0.942131
110.3 0.0532987 0.00454026 0.942161
110.4 0.0532939 0.0045149 0.942191
110.5 0.0532891 0.00448968 0.942221
110.6 0.0532843 0.00446461 0.942251
110.7 0.0532795 0.00443967 0.942281
110.8 0.0532748 0.00441487 0.94231
110.9 0.0532701 0.00439021 0.94234
111 0.0532655 0.00436569 0.942369
111.1 0.0532608 0.0043413 0.942398
111.2 0.0532562 0.00431705 0.942427
111.3 0.0532516 0.00429294 0.942455
111.4 0.0532471 0.00426896 0.942484
111.5 0.0532425 0.00424511 0.942512
111.6 0.053238 0.0042214 0.942541
111.7 0.0532336 0.00419782 0.942569
111.8 0.0532291 0.00417437 0.942597
111.9 0.0532247 0.00415105 0.942624
112 0.0532203 0.00412786 0.942652
112.1 0.0532159 0.00410479 0.942679
112.2 0.0532115 0.00408186 0.942707
112.3 0.0532072 0.00405906 0.942734
112.4 0.0532029 0.00403638 0.942761
112.5 0.0531986 0.00401383 0.942788
112.6 0.0531943 0.0039914 0.942814
112.7 0.0531901 0.0039691 0.942841
112.8 0.0531859 0.00394693 0.942867
112.9 0.0531817 0.00392487 0.942893
113 0.0531775 0.00390294 0.94292
113.1 0.0531734 0.00388114 0.942945
113.2 0.0531693 0.00385945 0.942971
113.3 0.0531652 0.00383788 0.942997
113.4 0.0531611 0.00381644 0.943022
113.5 0.0531571 0.00379511 0.943048
113.6 0.0531531 0.00377391 0.943073
113.7 0.0531491 0.00375282 0.943098
113.8 0.0531451 0.00373185 0.943123
113.9 0.0531411 0.00371099 0.943148
114 0.0531372 0.00369026 0.943173
114.1 0.0531333 0.00366963 0.943197
114.2 0.0531294 0.00364913 0.943221
114.3 0.0531255 0.00362873 0.943246
114.4 0.0531217 0.00360845 0.94327
114.5 0.0531179 0.00358829 0.943294
114.6 0.0531141 0.00356823 0.943318
114.7 0.0531103 0.00354829 0.943341
114.8 0.0531065 0.00352846 0.943365
114.9 0.0531028 0.00350874 0.943388
115 0.0530991 0.00348913 0.943412
115.1 0.0530954 0.00346963 0.943435
115.2 0.0530917 0.00345024 0.943458
115.3 0.053088 0.00343095 0.943481
115.4 0.0530844 0.00341178 0.943504
115.5 0.0530808 0.00339271 0.943526
115.6 0.0530772 0.00337374 0.943549
115.7 0.0530736 0.00335489 0.943571
115.8 0.0530701 0.00333613 0.943594
115.9 0.0530666 0.00331749 0.943616
116 0.053063 0.00329894 0.943638
116.1 0.0530596 0.0032805 0.94366
116.2 0.0530561 0.00326217 0.943682
116.3 0.0530526 0.00324393 0.943703
116.4 0.0530492 0.0032258 0.943725
116.5 0.0530458 0.00320776 0.943746
116.6 0.0530424 0.00318983 0.943768
116.7 0.053039 0.003172 0.943789
116.8 0.0530357 0.00315427 0.94381
116.9 0.0530323 0.00313664 0.943831
117 0.053029 0.0031191 0.943852
117.1 0.0530257 0.00310166 0.943873
117.2 0.0530224 0.00308432 0.943893
117.3 0.0530192 0.00306708 0.943914
117.4 0.0530159 0.00304993 0.943934
117.5 0.0530127 0.00303288 0.943954
117.6 0.0530095 0.00301593 0.943975
117.7 0.0530063 0.00299906 0.943995
117.8 0.0530031 0.0029823 0.944015
117.9 0.053 0.00296562 0.944034
118 0.0529968 0.00294904 0.944054
118.1 0.0529937 0.00293255 0.944074
118.2 0.0529906 0.00291616 0.944093
118.3 0.0529875 0.00289985 0.944113
118.4 0.0529845 0.00288364 0.944132
118.5 0.0529814 0.00286752 0.944151
118.6 0.0529784 0.00285148 0.94417
118.7 0.0529754 0.00283554 0.944189
118.8 0.0529724 0.00281968 0.944208
118.9 0.0529694 0.00280392 0.944227
119 0.0529665 0.00278824 0.944245
119.1 0.0529635 0.00277265 0.944264
119.2 0.0529606 0.00275714 0.944282
119.3 0.0529577 0.00274173 0.944301
119.4 0.0529548 0.0027264 0.944319
119.5 0.0529519 0.00271115 0.944337
119.6 0.052949 0.00269599 0.944355
119.7 0.0529462 0.00268091 0.944373
119.8 0.0529434 0.00266592 0.944391
119.9 0.0529405 0.00265101 0.944408
120 0.0529377 0.00263619 0.944426
120.1 0.052935 0.00262145 0.944444
120.2 0.0529322 0.00260679 0.944461
120.3 0.0529294 0.00259221 0.944478
120.4 0.0529267 0.00257771 0.944496
120.5 0.052924 0.0025633 0.944513
120.6 0.0529213 0.00254896 0.94453
120.7 0.0529186 0.0025347 0.944547
120.8 0.0529159 0.00252053 0.944564
120.9 0.0529133 0.00250643 0.94458
121 0.0529106 0.00249241 0.944597
121.1 0.052908 0.00247848 0.944614
121.2 0.0529054 0.00246461 0.94463
121.3 0.0529028 0.00245083 0.944646
121.4 0.0529002 0.00243712 0.944663
121.5 0.0528976 0.00242349 0.944679
121.6 0.052895 0.00240994 0.944695
121.7 0.0528925 0.00239646 0.944711
121.8 0.05289 0.00238305 0.944727
121.9 0.0528875 0.00236973 0.944743
122 0.052885 0.00235647 0.944759
122.1 0.0528825 0.00234329 0.944774
122.2 0.05288 0.00233018 0.94479
122.3 0.0528775 0.00231715 0.944805
122.4 0.0528751 0.00230419 0.944821
122.5 0.0528727 0.0022913 0.944836
122.6 0.0528703 0.00227848 0.944851
122.7 0.0528679 0.00226574 0.944866
122.8 0.0528655 0.00225307 0.944881
122.9 0.0528631 0.00224046 0.944896
123 0.0528607 0.00222793 0.944911
123.1 0.0528584 0.00221547 0.944926
123.2 0.052856 0.00220307 0.944941
123.3 0.0528537 0.00219075 0.944956
123.4 0.0528514 0.0021785 0.94497
123.5 0.0528491 0.00216631 0.944985
123.6 0.0528468 0.00215419 0.944999
123.7 0.0528446 0.00214214 0.945013
123.8 0.0528423 0.00213016 0.945028
123.9 0.0528401 0.00211824 0.945042
124 0.0528378 0.00210639 0.945056
124.1 0.0528356 0.00209461 0.94507
124.2 0.0528334 0.00208289 0.945084
124.3 0.0528312 0.00207124 0.945098
124.4 0.052829 0.00205965 0.945111
124.5 0.0528269 0.00204813 0.945125
124.6 0.0528247 0.00203667 0.945139
124.7 0.0528226 0.00202528 0.945152
124.8 0.0528204 0.00201394 0.945166
124.9 0.0528183 0.00200268 0.945179
125 0.0528162 0.00199147 0.945192
125.1 0.0528141 0.00198033 0.945206
125.2 0.052812 0.00196925 0.945219
125.3 0.0528099 0.00195823 0.945232
125.4 0.0528079 0.00194728 0.945245
125.5 0.0528058 0.00193638 0.945258
125.6 0.0528038 0.00192555 0.945271
125.7 0.0528018 0.00191478 0.945283
125.8 0.0527997 0.00190406 0.945296
125.9 0.0527977 0.00189341 0.945309
126 0.0527957 0.00188282 0.945321
126.1 0.0527938 0.00187228 0.945334
126.2 0.0527918 0.00186181 0.945346
126.3 0.0527898 0.00185139 0.945359
126.4 0.0527879 0.00184103 0.945371
126.5 0.0527859 0.00183073 0.945383
126.6 0.052784 0.00182049 0.945396
126.7 0.0527821 0.0018103 0.945408
126.8 0.0527802 0.00180017 0.94542
126.9 0.0527783 0.0017901 0.945432
127 0.0527764 0.00178008 0.945444
127.1 0.0527745 0.00177012 0.945455
127.2 0.0527727 0.00176022 0.945467
127.3 0.0527708 0.00175037 0.945479
127.4 0.052769 0.00174057 0.94549
127.5 0.0527671 0.00173083 0.945502
127.6 0.0527653 0.00172115 0.945514
127.7 0.0527635 0.00171152 0.945525
127.8 0.0527617 0.00170194 0.945536
127.9 0.0527599 0.00169242 0.945548
128 0.0527581 0.00168295 0.945559
128.1 0.0527564 0.00167353 0.94557
128.2 0.0527546 0.00166416 0.945581
128.3 0.0527529 0.00165485 0.945592
128.4 0.0527511 0.00164559 0.945603
128.5 0.0527494 0.00163638 0.945614
128.6 0.0527477 0.00162723 0.945625
128.7 0.0527459 0.00161812 0.945636
128.8 0.0527442 0.00160907 0.945647
128.9 0.0527426 0.00160006 0.945657
129 0.0527409 0.00159111 0.945668
129.1 0.0527392 0.0015822 0.945679
129.2 0.0527375 0.00157335 0.945689
129.3 0.0527359 0.00156454 0.9457
129.4 0.0527342 0.00155579 0.94571
129.5 0.0527326 0.00154708 0.94572
129.6 0.052731 0.00153842 0.945731
129.7 0.0527294 0.00152981 0.945741
129.8 0.0527277 0.00152125 0.945751
129.9 0.0527261 0.00151274 0.945761
130 0.0527246 0.00150427 0.945771
130.1 0.052723 0.00149585 0.945781
130.2 0.0527214 0.00148748 0.945791
130.3 0.0527198 0.00147916 0.945801
130.4 0.0527183 0.00147088 0.945811
130.5 0.0527167 0.00146265 0.945821
130.6 0.0527152 0.00145446 0.94583
130.7 0.0527137 0.00144632 0.94584
130.8 0.0527121 0.00143823 0.94585
130.9 0.0527106 0.00143018 0.945859
131 0.0527091 0.00142217 0.945869
131.1 0.0527076 0.00141421 0.945878
131.2 0.0527061 0.0014063 0.945888
131.3 0.0527047 0.00139843 0.945897
131.4 0.0527032 0.0013906 0.945906
131.5 0.0527017 0.00138282 0.945915
131.6 0.0527003 0.00137508 0.945925
131.7 0.0526988 0.00136738 0.945934
131.8 0.0526974 0.00135973 0.945943
131.9 0.052696 0.00135212 0.945952
132 0.0526946 0.00134455 0.945961
132.1 0.0526931 0.00133703 0.94597
132.2 0.0526917 0.00132954 0.945979
132.3 0.0526903 0.0013221 0.945988
132.4 0.0526889 0.0013147 0.945996
132.5 0.0526876 0.00130734 0.946005
132.6 0.0526862 0.00130002 0.946014
132.7 0.0526848 0.00129275 0.946022
132.8 0.0526835 0.00128551 0.946031
132.9 0.0526821 0.00127832 0.94604
133 0.0526808 0.00127116 0.946048
133.1 0.0526794 0.00126405 0.946057
133.2 0.0526781 0.00125697 0.946065
133.3 0.0526768 0.00124994 0.946073
133.4 0.0526755 0.00124294 0.946082
133.5 0.0526742 0.00123598 0.94609
133.6 0.0526729 0.00122906 0.946098
133.7 0.0526716 0.00122218 0.946106
133.8 0.0526703 0.00121534 0.946114
133.9 0.052669 0.00120854 0.946122
134 0.0526678 0.00120177 0.94613
134.1 0.0526665 0.00119505 0.946138
134.2 0.0526652 0.00118836 0.946146
134.3 0.052664 0.00118171 0.946154
134.4 0.0526627 0.00117509 0.946162
134.5 0.0526615 0.00116851 0.94617
134.6 0.0526603 0.00116197 0.946178
134.7 0.0526591 0.00115547 0.946185
134.8 0.0526578 0.001149 0.946193
134.9 0.0526566 0.00114257 0.946201
135 0.0526554 0.00113617 0.946208
135.1 0.0526542 0.00112981 0.946216
135.2 0.0526531 0.00112349 0.946223
135.3 0.0526519 0.0011172 0.946231
135.4 0.0526507 0.00111094 0.946238
135.5 0.0526495 0.00110473 0.946246
135.6 0.0526484 0.00109854 0.946253
135.7 0.0526472 0.00109239 0.94626
135.8 0.0526461 0.00108628 0.946268
135.9 0.0526449 0.0010802 0.946275
136 0.0526438 0.00107415 0.946282
136.1 0.0526427 0.00106813 0.946289
136.2 0.0526416 0.00106216 0.946296
136.3 0.0526404 0.00105621 0.946303
136.4 0.0526393 0.0010503 0.94631
136.5 0.0526382 0.00104442 0.946317
136.6 0.0526371 0.00103857 0.946324
136.7 0.052636 0.00103276 0.946331
136.8 0.052635 0.00102697 0.946338
136.9 0.0526339 0.00102123 0.946345
137 0.0526328 0.00101551 0.946352
137.1 0.0526317 0.00100982 0.946358
137.2 0.0526307 0.00100417 0.946365
137.3 0.0526296 0.000998548 0.946372
137.4 0.0526286 0.000992958 0.946378
137.5 0.0526275 0.000987399 0.946385
137.6 0.0526265 0.000981871 0.946392
137.7 0.0526255 0.000976374 0.946398
137.8 0.0526244 0.000970908 0.946405
137.9 0.0526234 0.000965472 0.946411
138 0.0526224 0.000960067 0.946418
138.1 0.0526214 0.000954692 0.946424
138.2 0.0526204 0.000949347 0.94643
138.3 0.0526194 0.000944032 0.946437
138.4 0.0526184 0.000938747 0.946443
138.5 0.0526174 0.000933491 0.946449
138.6 0.0526165 0.000928265 0.946455
138.7 0.0526155 0.000923068 0.946461
138.8 0.0526145 0.0009179 0.946468
138.9 0.0526136 0.000912761 0.946474
139 0.0526126 0.000907651 0.94648
139.1 0.0526116 0.000902569 0.946486
139.2 0.0526107 0.000897516 0.946492
139.3 0.0526098 0.000892491 0.946498
139.4 0.0526088 0.000887494 0.946504
139.5 0.0526079 0.000882525 0.94651
139.6 0.052607 0.000877584 0.946515
139.7 0.052606 0.000872671 0.946521
139.8 0.0526051 0.000867785 0.946527
139.9 0.0526042 0.000862926 0.946533
140 0.0526033 0.000858095 0.946539
140.1 0.0526024 0.000853291 0.946544
140.2 0.0526015 0.000848513 0.94655
140.3 0.0526006 0.000843762 0.946556
140.4 0.0525997 0.000839038 0.946561
140.5 0.0525989 0.00083434 0.946567
140.6 0.052598 0.000829669 0.946572
140.7 0.0525971 0.000825024 0.946578
140.8 0.0525962 0.000820404 0.946583
140.9 0.0525954 0.000815811 0.946589
141 0.0525945 0.000811243 0.946594
141.1 0.0525937 0.000806701 0.9466
141.2 0.0525928 0.000802184 0.946605
141.3 0.052592 0.000797693 0.94661
141.4 0.0525912 0.000793226 0.946616
141.5 0.0525903 0.000788785 0.946621
141.6 0.0525895 0.000784368 0.946626
141.7 0.0525887 0.000779977 0.946631
141.8 0.0525879 0.000775609 0.946637
141.9 0.052587 0.000771267 0.946642
142 0.0525862 0.000766948 0.946647
142.1 0.0525854 0.000762654 0.946652
142.2 0.0525846 0.000758384 0.946657
142.3 0.0525838 0.000754137 0.946662
142.4 0.052583 0.000749915 0.946667
142.5 0.0525823 0.000745716 0.946672
142.6 0.0525815 0.00074154 0.946677
142.7 0.0525807 0.000737388 0.946682
142.8 0.0525799 0.000733259 0.946687
142.9 0.0525792 0.000729153 0.946692
143 0.0525784 0.000725071 0.946697
143.1 0.0525776 0.000721011 0.946701
143.2 0.0525769 0.000716973 0.946706
143.3 0.0525761 0.000712959 0.946711
143.4 0.0525754 0.000708967 0.946716
143.5 0.0525746 0.000704997 0.94672
143.6 0.0525739 0.000701049 0.946725
143.7 0.0525732 0.000697124 0.94673
143.8 0.0525724 0.00069322 0.946734
143.9 0.0525717 0.000689339 0.946739
144 0.052571 0.000685479 0.946744
144.1 0.0525703 0.00068164 0.946748
144.2 0.0525695 0.000677823 0.946753
144.3 0.0525688 0.000674028 0.946757
144.4 0.0525681 0.000670254 0.946762
144.5 0.0525674 0.000666501 0.946766
144.6 0.0525667 0.000662768 0.946771
144.7 0.052566 0.000659057 0.946775
144.8 0.0525653 0.000655367 0.946779
144.9 0.0525646 0.000651697 0.946784
145 0.052564 0.000648048 0.946788
145.1 0.0525633 0.000644419 0.946792
145.2 0.0525626 0.00064081 0.946797
145.3 0.0525619 0.000637222 0.946801
145.4 0.0525613 0.000633654 0.946805
145.5 0.0525606 0.000630105 0.946809
145.6 0.0525599 0.000626577 0.946813
145.7 0.0525593 0.000623068 0.946818
145.8 0.0525586 0.000619579 0.946822
145.9 0.052558 0.00061611 0.946826
146 0.0525573 0.00061266 0.94683
146.1 0.0525567 0.000609229 0.946834
146.2 0.0525561 0.000605817 0.946838
146.3 0.0525554 0.000602425 0.946842
146.4 0.0525548 0.000599051 0.946846
146.5 0.0525542 0.000595697 0.94685
146.6 0.0525535 0.000592361 0.946854
146.7 0.0525529 0.000589044 0.946858
146.8 0.0525523 0.000585745 0.946862
146.9 0.0525517 0.000582465 0.946866
147 0.0525511 0.000579203 0.94687
147.1 0.0525505 0.00057596 0.946874
147.2 0.0525499 0.000572735 0.946877
147.3 0.0525493 0.000569527 0.946881
147.4 0.0525487 0.000566338 0.946885
147.5 0.0525481 0.000563167 0.946889
147.6 0.0525475 0.000560013 0.946893
147.7 0.0525469 0.000556877 0.946896
147.8 0.0525463 0.000553758 0.9469
147.9 0.0525457 0.000550657 0.946904
148 0.0525452 0.000547574 0.946907
148.1 0.0525446 0.000544507 0.946911
148.2 0.052544 0.000541458 0.946915
148.3 0.0525434 0.000538426 0.946918
148.4 0.0525429 0.00053541 0.946922
148.5 0.0525423 0.000532412 0.946925
148.6 0.0525418 0.000529431 0.946929
148.7 0.0525412 0.000526466 0.946932
148.8 0.0525407 0.000523517 0.946936
148.9 0.0525401 0.000520586 0.946939
149 0.0525396 0.00051767 0.946943
149.1 0.052539 0.000514771 0.946946
149.2 0.0525385 0.000511888 0.94695
149.3 0.0525379 0.000509022 0.946953
149.4 0.0525374 0.000506171 0.946956
149.5 0.0525369 0.000503337 0.94696
149.6 0.0525364 0.000500518 0.946963
149.7 0.0525358 0.000497715 0.946966
149.8 0.0525353 0.000494927 0.94697
149.9 0.0525348 0.000492156 0.946973
150 0.0525343 0.0004894 0.946976
150.1 0.0525338 0.000486659 0.94698
150.2 0.0525333 0.000483933 0.946983
150.3 0.0525327 0.000481223 0.946986
150.4 0.0525322 0.000478528 0.946989
150.5 0.0525317 0.000475848 0.946992
150.6 0.0525312 0.000473183 0.946996
150.7 0.0525307 0.000470533 0.946999
150.8 0.0525303 0.000467898 0.947002
150.9 0.0525298 0.000465278 0.947005
151 0.0525293 0.000462672 0.947008
151.1 0.0525288 0.000460081 0.947011
151.2 0.0525283 0.000457505 0.947014
151.3 0.0525278 0.000454942 0.947017
151.4 0.0525274 0.000452394 0.94702
151.5 0.0525269 0.000449861 0.947023
151.6 0.0525264 0.000447341 0.947026
151.7 0.0525259 0.000444836 0.947029
151.8 0.0525255 0.000442345 0.947032
151.9 0.052525 0.000439868 0.947035
152 0.0525245 0.000437404 0.947038
152.1 0.0525241 0.000434955 0.947041
152.2 0.0525236 0.000432519 0.947044
152.3 0.0525232 0.000430096 0.947047
152.4 0.0525227 0.000427688 0.94705
152.5 0.0525223 0.000425292 0.947052
152.6 0.0525218 0.00042291 0.947055
152.7 0.0525214 0.000420542 0.947058
152.8 0.052521 0.000418187 0.947061
152.9 0.0525205 0.000415845 0.947064
153 0.0525201 0.000413516 0.947066
153.1 0.0525196 0.0004112 0.947069
153.2 0.0525192 0.000408897 0.947072
153.3 0.0525188 0.000406607 0.947075
153.4 0.0525184 0.00040433 0.947077
153.5 0.0525179 0.000402065 0.94708
153.6 0.0525175 0.000399813 0.947083
153.7 0.0525171 0.000397574 0.947085
153.8 0.0525167 0.000395347 0.947088
153.9 0.0525163 0.000393133 0.947091
154 0.0525159 0.000390931 0.947093
154.1 0.0525154 0.000388742 0.947096
154.2 0.052515 0.000386565 0.947098
154.3 0.0525146 0.0003844 0.947101
154.4 0.0525142 0.000382247 0.947104
154.5 0.0525138 0.000380106 0.947106
154.6 0.0525134 0.000377977 0.947109
154.7 0.052513 0.00037586 0.947111
154.8 0.0525126 0.000373755 0.947114
154.9 0.0525123 0.000371662 0.947116
155 0.0525119 0.00036958 0.947119
155.1 0.0525115 0.000367511 0.947121
155.2 0.0525111 0.000365452 0.947123
155.3 0.0525107 0.000363405 0.947126
155.4 0.0525103 0.00036137 0.947128
155.5 0.0525099 0.000359346 0.947131
155.6 0.0525096 0.000357334 0.947133
155.7 0.0525092 0.000355332 0.947135
155.8 0.0525088 0.000353342 0.947138
155.9 0.0525085 0.000351363 0.94714
156 0.0525081 0.000349395 0.947143
156.1 0.0525077 0.000347438 0.947145
156.2 0.0525074 0.000345492 0.947147
156.3 0.052507 0.000343557 0.947149
156.4 0.0525066 0.000341633 0.947152
156.5 0.0525063 0.00033972 0.947154
156.6 0.0525059 0.000337817 0.947156
156.7 0.0525056 0.000335925 0.947159
156.8 0.0525052 0.000334044 0.947161
156.9 0.0525049 0.000332173 0.947163
157 0.0525045 0.000330312 0.947165
157.1 0.0525042 0.000328462 0.947167
157.2 0.0525038 0.000326623 0.94717
157.3 0.0525035 0.000324793 0.947172
157.4 0.0525031 0.000322974 0.947174
157.5 0.0525028 0.000321165 0.947176
157.6 0.0525025 0.000319366 0.947178
157.7 0.0525021 0.000317578 0.94718
157.8 0.0525018 0.000315799 0.947182
157.9 0.0525015 0.00031403 0.947184
158 0.0525011 0.000312271 0.947187
158.1 0.0525008 0.000310522 0.947189
158.2 0.0525005 0.000308783 0.947191
158.3 0.0525002 0.000307054 0.947193
158.4 0.0524999 0.000305334 0.947195
158.5 0.0524995 0.000303624 0.947197
158.6 0.0524992 0.000301923 0.947199
158.7 0.0524989 0.000300232 0.947201
158.8 0.0524986 0.00029855 0.947203
158.9 0.0524983 0.000296878 0.947205
159 0.052498 0.000295215 0.947207
159.1 0.0524976 0.000293562 0.947209
159.2 0.0524973 0.000291918 0.947211
159.3 0.052497 0.000290283 0.947213
159.4 0.0524967 0.000288657 0.947215
159.5 0.0524964 0.00028704 0.947217
159.6 0.0524961 0.000285432 0.947218
159.7 0.0524958 0.000283834 0.94722
159.8 0.0524955 0.000282244 0.947222
159.9 0.0524952 0.000280663 0.947224
160 0.0524949 0.000279091 0.947226
160.1 0.0524947 0.000277528 0.947228
160.2 0.0524944 0.000275973 0.94723
160.3 0.0524941 0.000274428 0.947231
160.4 0.0524938 0.000272891 0.947233
160.5 0.0524935 0.000271362 0.947235
160.6 0.0524932 0.000269842 0.947237
160.7 0.0524929 0.000268331 0.947239
160.8 0.0524927 0.000266828 0.947241
160.9 0.0524924 0.000265333 0.947242
161 0.0524921 0.000263847 0.947244
161.1 0.0524918 0.000262369 0.947246
161.2 0.0524915 0.0002609 0.947248
161.3 0.0524913 0.000259438 0.947249
161.4 0.052491 0.000257985 0.947251
161.5 0.0524907 0.00025654 0.947253
161.6 0.0524905 0.000255103 0.947254
161.7 0.0524902 0.000253675 0.947256
161.8 0.0524899 0.000252254 0.947258
161.9 0.0524897 0.000250841 0.947259
162 0.0524894 0.000249436 0.947261
162.1 0.0524891 0.000248039 0.947263
162.2 0.0524889 0.000246649 0.947264
162.3 0.0524886 0.000245268 0.947266
162.4 0.0524884 0.000243894 0.947268
162.5 0.0524881 0.000242528 0.947269
162.6 0.0524879 0.00024117 0.947271
162.7 0.0524876 0.000239819 0.947273
162.8 0.0524874 0.000238475 0.947274
162.9 0.0524871 0.00023714 0.947276
163 0.0524869 0.000235811 0.947277
163.1 0.0524866 0.000234491 0.947279
163.2 0.0524864 0.000233177 0.94728
163.3 0.0524861 0.000231871 0.947282
163.4 0.0524859 0.000230572 0.947284
163.5 0.0524856 0.000229281 0.947285
163.6 0.0524854 0.000227997 0.947287
163.7 0.0524852 0.00022672 0.947288
163.8 0.0524849 0.00022545 0.94729
163.9 0.0524847 0.000224187 0.947291
164 0.0524844 0.000222931 0.947293
164.1 0.0524842 0.000221682 0.947294
164.2 0.052484 0.000220441 0.947296
164.3 0.0524838 0.000219206 0.947297
164.4 0.0524835 0.000217978 0.947298
164.5 0.0524833 0.000216757 0.9473
164.6 0.0524831 0.000215543 0.947301
164.7 0.0524828 0.000214336 0.947303
164.8 0.0524826 0.000213135 0.947304
164.9 0.0524824 0.000211941 0.947306
165 0.0524822 0.000210754 0.947307
165.1 0.052482 0.000209574 0.947308
165.2 0.0524817 0.0002084 0.94731
165.3 0.0524815 0.000207233 0.947311
165.4 0.0524813 0.000206072 0.947313
165.5 0.0524811 0.000204918 0.947314
165.6 0.0524809 0.00020377 0.947315
165.7 0.0524807 0.000202628 0.947317
165.8 0.0524804 0.000201493 0.947318
165.9 0.0524802 0.000200365 0.947319
166 0.05248 0.000199242 0.947321
166.1 0.0524798 0.000198126 0.947322
166.2 0.0524796 0.000197017 0.947323
166.3 0.0524794 0.000195913 0.947325
166.4 0.0524792 0.000194816 0.947326
166.5 0.052479 0.000193725 0.947327
166.6 0.0524788 0.000192639 0.947329
166.7 0.0524786 0.00019156 0.94733
166.8 0.0524784 0.000190487 0.947331
166.9 0.0524782 0.00018942 0.947332
167 0.052478 0.000188359 0.947334
167.1 0.0524778 0.000187304 0.947335
167.2 0.0524776 0.000186255 0.947336
167.3 0.0524774 0.000185212 0.947337
167.4 0.0524772 0.000184174 0.947339
167.5 0.052477 0.000183143 0.94734
167.6 0.0524768 0.000182117 0.947341
167.7 0.0524766 0.000181097 0.947342
167.8 0.0524764 0.000180082 0.947343
167.9 0.0524763 0.000179074 0.947345
168 0.0524761 0.000178071 0.947346
168.1 0.0524759 0.000177073 0.947347
168.2 0.0524757 0.000176081 0.947348
168.3 0.0524755 0.000175095 0.947349
168.4 0.0524753 0.000174114 0.947351
168.5 0.0524751 0.000173139 0.947352
168.6 0.052475 0.000172169 0.947353
168.7 0.0524748 0.000171205 0.947354
168.8 0.0524746 0.000170246 0.947355
168.9 0.0524744 0.000169292 0.947356
169 0.0524742 0.000168344 0.947357
169.1 0.0524741 0.000167401 0.947359
169.2 0.0524739 0.000166463 0.94736
169.3 0.0524737 0.000165531 0.947361
169.4 0.0524735 0.000164604 0.947362
169.5 0.0524734 0.000163682 0.947363
169.6 0.0524732 0.000162765 0.947364
169.7 0.052473 0.000161853 0.947365
169.8 0.0524729 0.000160946 0.947366
169.9 0.0524727 0.000160045 0.947367
170 0.0524725 0.000159148 0.947368
170.1 0.0524724 0.000158257 0.947369
170.2 0.0524722 0.00015737 0.94737
170.3 0.052472 0.000156489 0.947371
170.4 0.0524719 0.000155612 0.947373
170.5 0.0524717 0.000154741 0.947374
170.6 0.0524715 0.000153874 0.947375
170.7 0.0524714 0.000153012 0.947376
170.8 0.0524712 0.000152155 0.947377
170.9 0.0524711 0.000151303 0.947378
171 0.0524709 0.000150455 0.947379
171.1 0.0524707 0.000149612 0.94738
171.2 0.0524706 0.000148774 0.947381
171.3 0.0524704 0.000147941 0.947382
171.4 0.0524703 0.000147112 0.947383
171.5 0.0524701 0.000146288 0.947384
171.6 0.05247 0.000145469 0.947385
171.7 0.0524698 0.000144654 0.947386
171.8 0.0524697 0.000143844 0.947386
171.9 0.0524695 0.000143038 0.947387
172 0.0524694 0.000142237 0.947388
172.1 0.0524692 0.00014144 0.947389
172.2 0.0524691 0.000140648 0.94739
172.3 0.0524689 0.00013986 0.947391
172.4 0.0524688 0.000139076 0.947392
172.5 0.0524686 0.000138297 0.947393
172.6 0.0524685 0.000137523 0.947394
172.7 0.0524683 0.000136752 0.947395
172.8 0.0524682 0.000135986 0.947396
172.9 0.0524681 0.000135224 0.947397
173 0.0524679 0.000134467 0.947398
173.1 0.0524678 0.000133714 0.947399
173.2 0.0524676 0.000132965 0.947399
173.3 0.0524675 0.00013222 0.9474
173.4 0.0524674 0.000131479 0.947401
173.5 0.0524672 0.000130743 0.947402
173.6 0.0524671 0.00013001 0.947403
173.7 0.052467 0.000129282 0.947404
173.8 0.0524668 0.000128558 0.947405
173.9 0.0524667 0.000127838 0.947405
174 0.0524665 0.000127122 0.947406
174.1 0.0524664 0.00012641 0.947407
174.2 0.0524663 0.000125702 0.947408
174.3 0.0524662 0.000124997 0.947409
174.4 0.052466 0.000124297 0.94741
174.5 0.0524659 0.000123601 0.947411
174.6 0.0524658 0.000122909 0.947411
174.7 0.0524656 0.00012222 0.947412
174.8 0.0524655 0.000121536 0.947413
174.9 0.0524654 0.000120855 0.947414
175 0.0524653 0.000120178 0.947415
175.1 0.0524651 0.000119505 0.947415
175.2 0.052465 0.000118835 0.947416
175.3 0.0524649 0.00011817 0.947417
175.4 0.0524648 0.000117508 0.947418
175.5 0.0524646 0.000116849 0.947419
175.6 0.0524645 0.000116195 0.947419
175.7 0.0524644 0.000115544 0.94742
175.8 0.0524643 0.000114897 0.947421
175.9 0.0524641 0.000114253 0.947422
176 0.052464 0.000113613 0.947422
176.1 0.0524639 0.000112977 0.947423
176.2 0.0524638 0.000112344 0.947424
176.3 0.0524637 0.000111714 0.947425
176.4 0.0524636 0.000111089 0.947425
176.5 0.0524634 0.000110466 0.947426
176.6 0.0524633 0.000109848 0.947427
176.7 0.0524632 0.000109232 0.947428
176.8 0.0524631 0.00010862 0.947428
176.9 0.052463 0.000108012 0.947429
177 0.0524629 0.000107407 0.94743
177.1 0.0524628 0.000106805 0.94743
177.2 0.0524626 0.000106207 0.947431
177.3 0.0524625 0.000105612 0.947432
177.4 0.0524624 0.00010502 0.947433
177.5 0.0524623 0.000104432 0.947433
177.6 0.0524622 0.000103847 0.947434
177.7 0.0524621 0.000103265 0.947435
177.8 0.052462 0.000102687 0.947435
177.9 0.0524619 0.000102112 0.947436
178 0.0524618 0.00010154 0.947437
178.1 0.0524617 0.000100971 0.947437
178.2 0.0524616 0.000100405 0.947438
178.3 0.0524615 9.98429e-05 0.947439
178.4 0.0524613 9.92836e-05 0.947439
178.5 0.0524612 9.87275e-05 0.94744
178.6 0.0524611 9.81744e-05 0.947441
178.7 0.052461 9.76245e-05 0.947441
178.8 0.0524609 9.70776e-05 0.947442
178.9 0.0524608 9.65338e-05 0.947443
179 0.0524607 9.59931e-05 0.947443
179.1 0.0524606 9.54553e-05 0.947444
179.2 0.0524605 9.49206e-05 0.947445
179.3 0.0524604 9.43889e-05 0.947445
179.4 0.0524603 9.38602e-05 0.947446
179.5 0.0524602 9.33344e-05 0.947446
179.6 0.0524601 9.28116e-05 0.947447
179.7 0.05246 9.22916e-05 0.947448
179.8 0.0524599 9.17747e-05 0.947448
179.9 0.0524598 9.12606e-05 0.947449
180 0.0524598 9.07493e-05 0.947449
180.1 0.0524597 9.0241e-05 0.94745
180.2 0.0524596 8.97355e-05 0.947451
180.3 0.0524595 8.92328e-05 0.947451
180.4 0.0524594 8.8733e-05 0.947452
180.5 0.0524593 8.82359e-05 0.947452
180.6 0.0524592 8.77416e-05 0.947453
180.7 0.0524591 8.72501e-05 0.947454
180.8 0.052459 8.67614e-05 0.947454
180.9 0.0524589 8.62754e-05 0.947455
181 0.0524588 8.57921e-05 0.947455
181.1 0.0524587 8.53115e-05 0.947456
181.2 0.0524586 8.48336e-05 0.947457
181.3 0.0524586 8.43584e-05 0.947457
181.4 0.0524585 8.38858e-05 0.947458
181.5 0.0524584 8.34159e-05 0.947458
181.6 0.0524583 8.29486e-05 0.947459
181.7 0.0524582 8.2484e-05 0.947459
181.8 0.0524581 8.20219e-05 0.94746
181.9 0.052458 8.15624e-05 0.94746
182 0.052458 8.11056e-05 0.947461
182.1 0.0524579 8.06512e-05 0.947461
182.2 0.0524578 8.01994e-05 0.947462
182.3 0.0524577 7.97502e-05 0.947463
182.4 0.0524576 7.93034e-05 0.947463
182.5 0.0524575 7.88592e-05 0.947464
182.6 0.0524575 7.84174e-05 0.947464
182.7 0.0524574 7.79782e-05 0.947465
182.8 0.0524573 7.75414e-05 0.947465
182.9 0.0524572 7.7107e-05 0.947466
183 0.0524571 7.6675e-05 0.947466
183.1 0.052457 7.62455e-05 0.947467
183.2 0.052457 7.58184e-05 0.947467
183.3 0.0524569 7.53937e-05 0.947468
183.4 0.0524568 7.49714e-05 0.947468
183.5 0.0524567 7.45514e-05 0.947469
183.6 0.0524567 7.41338e-05 0.947469
183.7 0.0524566 7.37185e-05 0.94747
183.8 0.0524565 7.33055e-05 0.94747
183.9 0.0524564 7.28949e-05 0.947471
184 0.0524563 7.24865e-05 0.947471
184.1 0.0524563 7.20805e-05 0.947472
184.2 0.0524562 7.16767e-05 0.947472
184.3 0.0524561 7.12752e-05 0.947473
184.4 0.052456 7.08759e-05 0.947473
184.5 0.052456 7.04789e-05 0.947474
184.6 0.0524559 7.00841e-05 0.947474
184.7 0.0524558 6.96915e-05 0.947474
184.8 0.0524557 6.93011e-05 0.947475
184.9 0.0524557 6.89129e-05 0.947475
185 0.0524556 6.85268e-05 0.947476
185.1 0.0524555 6.8143e-05 0.947476
185.2 0.0524555 6.77612e-05 0.947477
185.3 0.0524554 6.73817e-05 0.947477
185.4 0.0524553 6.70042e-05 0.947478
185.5 0.0524552 6.66289e-05 0.947478
185.6 0.0524552 6.62556e-05 0.947479
185.7 0.0524551 6.58845e-05 0.947479
185.8 0.052455 6.55154e-05 0.947479
185.9 0.052455 6.51484e-05 0.94748
186 0.0524549 6.47834e-05 0.94748
186.1 0.0524548 6.44205e-05 0.947481
186.2 0.0524548 6.40597e-05 0.947481
186.3 0.0524547 6.37008e-05 0.947482
186.4 0.0524546 6.3344e-05 0.947482
186.5 0.0524546 6.29891e-05 0.947482
186.6 0.0524545 6.26363e-05 0.947483
186.7 0.0524544 6.22854e-05 0.947483
186.8 0.0524544 6.19365e-05 0.947484
186.9 0.0524543 6.15895e-05 0.947484
187 0.0524542 6.12445e-05 0.947485
187.1 0.0524542 6.09014e-05 0.947485
187.2 0.0524541 6.05603e-05 0.947485
187.3 0.0524541 6.0221e-05 0.947486
187.4 0.052454 5.98837e-05 0.947486
187.5 0.0524539 5.95482e-05 0.947487
187.6 0.0524539 5.92146e-05 0.947487
187.7 0.0524538 5.88829e-05 0.947487
187.8 0.0524537 5.85531e-05 0.947488
187.9 0.0524537 5.82251e-05 0.947488
188 0.0524536 5.78989e-05 0.947488
188.1 0.0524536 5.75746e-05 0.947489
188.2 0.0524535 5.7252e-05 0.947489
188.3 0.0524534 5.69313e-05 0.94749
188.4 0.0524534 5.66124e-05 0.94749
188.5 0.0524533 5.62953e-05 0.94749
188.6 0.0524533 5.59799e-05 0.947491
188.7 0.0524532 5.56663e-05 0.947491
188.8 0.0524531 5.53545e-05 0.947492
188.9 0.0524531 5.50444e-05 0.947492
189 0.052453 5.4736e-05 0.947492
189.1 0.052453 5.44294e-05 0.947493
189.2 0.0524529 5.41245e-05 0.947493
189.3 0.0524529 5.38213e-05 0.947493
189.4 0.0524528 5.35198e-05 0.947494
189.5 0.0524527 5.322e-05 0.947494
189.6 0.0524527 5.29219e-05 0.947494
189.7 0.0524526 5.26254e-05 0.947495
189.8 0.0524526 5.23306e-05 0.947495
189.9 0.0524525 5.20375e-05 0.947495
190 0.0524525 5.17459e-05 0.947496
190.1 0.0524524 5.14561e-05 0.947496
190.2 0.0524524 5.11678e-05 0.947496
190.3 0.0524523 5.08812e-05 0.947497
190.4 0.0524523 5.05962e-05 0.947497
190.5 0.0524522 5.03127e-05 0.947497
190.6 0.0524521 5.00309e-05 0.947498
190.7 0.0524521 4.97506e-05 0.947498
190.8 0.052452 4.94719e-05 0.947498
190.9 0.052452 4.91948e-05 0.947499
191 0.0524519 4.89192e-05 0.947499
191.1 0.0524519 4.86452e-05 0.947499
191.2 0.0524518 4.83727e-05 0.9475
191.3 0.0524518 4.81017e-05 0.9475
191.4 0.0524517 4.78322e-05 0.9475
191.5 0.0524517 4.75643e-05 0.947501
191.6 0.0524516 4.72978e-05 0.947501
191.7 0.0524516 4.70329e-05 0.947501
191.8 0.0524515 4.67694e-05 0.947502
191.9 0.0524515 4.65074e-05 0.947502
192 0.0524514 4.62469e-05 0.947502
192.1 0.0524514 4.59878e-05 0.947503
192.2 0.0524513 4.57302e-05 0.947503
192.3 0.0524513 4.5474e-05 0.947503
192.4 0.0524513 4.52193e-05 0.947504
192.5 0.0524512 4.49659e-05 0.947504
192.6 0.0524512 4.4714e-05 0.947504
192.7 0.0524511 4.44636e-05 0.947504
192.8 0.0524511 4.42145e-05 0.947505
192.9 0.052451 4.39668e-05 0.947505
193 0.052451 4.37205e-05 0.947505
193.1 0.0524509 4.34756e-05 0.947506
193.2 0.0524509 4.3232e-05 0.947506
193.3 0.0524508 4.29899e-05 0.947506
193.4 0.0524508 4.2749e-05 0.947506
193.5 0.0524507 4.25096e-05 0.947507
193.6 0.0524507 4.22714e-05 0.947507
193.7 0.0524507 4.20346e-05 0.947507
193.8 0.0524506 4.17991e-05 0.947508
193.9 0.0524506 4.1565e-05 0.947508
194 0.0524505 4.13321e-05 0.947508
194.1 0.0524505 4.11006e-05 0.947508
194.2 0.0524504 4.08704e-05 0.947509
194.3 0.0524504 4.06414e-05 0.947509
194.4 0.0524504 4.04137e-05 0.947509
194.5 0.0524503 4.01874e-05 0.94751
194.6 0.0524503 3.99622e-05 0.94751
194.7 0.0524502 3.97384e-05 0.94751
194.8 0.0524502 3.95158e-05 0.94751
194.9 0.0524501 3.92944e-05 0.947511
195 0.0524501 3.90743e-05 0.947511
195.1 0.0524501 3.88554e-05 0.947511
195.2 0.05245 3.86377e-05 0.947511
195.3 0.05245 3.84213e-05 0.947512
195.4 0.0524499 3.8206e-05 0.947512
195.5 0.0524499 3.7992e-05 0.947512
195.6 0.0524499 3.77792e-05 0.947512
195.7 0.0524498 3.75675e-05 0.947513
195.8 0.0524498 3.73571e-05 0.947513
195.9 0.0524497 3.71478e-05 0.947513
196 0.0524497 3.69397e-05 0.947513
196.1 0.0524497 3.67328e-05 0.947514
196.2 0.0524496 3.6527e-05 0.947514
196.3 0.0524496 3.63224e-05 0.947514
196.4 0.0524496 3.61189e-05 0.947514
196.5 0.0524495 3.59166e-05 0.947515
196.6 0.0524495 3.57154e-05 0.947515
196.7 0.0524494 3.55153e-05 0.947515
196.8 0.0524494 3.53163e-05 0.947515
196.9 0.0524494 3.51185e-05 0.947516
197 0.0524493 3.49218e-05 0.947516
197.1 0.0524493 3.47261e-05 0.947516
197.2 0.0524493 3.45316e-05 0.947516
197.3 0.0524492 3.43382e-05 0.947516
197.4 0.0524492 3.41458e-05 0.947517
197.5 0.0524491 3.39545e-05 0.947517
197.6 0.0524491 3.37643e-05 0.947517
197.7 0.0524491 3.35752e-05 0.947517
197.8 0.052449 3.33871e-05 0.947518
197.9 0.052449 3.32001e-05 0.947518
198 0.052449 3.30141e-05 0.947518
198.1 0.0524489 3.28291e-05 0.947518
198.2 0.0524489 3.26452e-05 0.947518
198.3 0.0524489 3.24623e-05 0.947519
198.4 0.0524488 3.22805e-05 0.947519
198.5 0.0524488 3.20997e-05 0.947519
198.6 0.0524488 3.19198e-05 0.947519
198.7 0.0524487 3.1741e-05 0.94752
198.8 0.0524487 3.15632e-05 0.94752
198.9 0.0524487 3.13864e-05 0.94752
199 0.0524486 3.12106e-05 0.94752
199.1 0.0524486 3.10357e-05 0.94752
199.2 0.0524486 3.08619e-05 0.947521
199.3 0.0524485 3.0689e-05 0.947521
199.4 0.0524485 3.05171e-05 0.947521
199.5 0.0524485 3.03461e-05 0.947521
199.6 0.0524484 3.01761e-05 0.947521
199.7 0.0524484 3.00071e-05 0.947522
199.8 0.0524484 2.9839e-05 0.947522
199.9 0.0524483 2.96718e-05 0.947522
200 0.0524483 2.95056e-05 0.947522
